in out res
3.498471832099671 2.7428149488249196 1
1.7646493729550352 3.969673071438725 1
2.5795885508769127 3.304056807377763 1
5.65505133416896 0.19010367307885012 0
0.2958132954918975 5.2916514333378375 0
3.012140983553578 0.7216740882503832 1
4.004906395734776 5.542757662793186 0
0.7293168658975575 5.167872618290566 0
4.046352485373609 1.7842937689033334 0
1.5108757444262872 2.7436341027176447 1
2.8120127817642198 5.04430187476356 0
4.240189376909521 4.928588405097646 0
1.2245014972564752 3.7741851228340675 1
3.694312817110914 1.5699460950022441 1
2.989679306813768 3.678142266372962 1
1.7943238515207627 4.264213790073966 0
5.055685357121863 2.5585229344418017 0
3.5225422401986246 0.5991520749261752 0
3.468442407766921 4.862927674866963 0
3.664896813193979 5.168832020845942 0
3.1152021092154283 5.020856150967693 0
3.5340790676854454 4.575326444992532 0
5.0932043581370925 2.7618193744949173 0
1.5213120134747253 4.637080182509662 0
5.256550723662663 4.627986122792501 0
4.226994520828708 5.962963311091425 0
2.695623739564637 0.19884007773792378 1
0.8428892273082478 4.725398952395461 0
3.034217195185493 4.516385780490387 0
0.20663289627507586 4.257676750283353 0
4.077188024290912 0.063365241778917 0
2.8992971577204774 3.782120269039472 1
1.9009141351719228 0.3269799677631653 1
5.948371241251511 4.791039813357418 0
2.7215439964047814 5.221610910069559 0
2.7084824792575546 5.1489020067606655 0
0.2776419602522435 5.927408024036366 0
2.0196072457229923 2.991162410279221 1
1.2481963053250897 1.4809617029812365 1
5.755216310645906 3.9572867644594623 0
4.288641214472249 0.6362722075941631 0
4.357773784739413 3.9310312517673007 0
3.614037153529244 1.8755325998647403 1
0.31421776820368574 2.0143214598366903 1
3.757113998859742 0.9015778203084945 0
3.287014215906315 0.1719234217226644 0
1.6696896020516223 2.3226158853491334 1
0.17427586746415313 1.1483154267223323 0
4.60755075517609 2.4254532012220538 0
0.7241123973107082 5.194036142022426 0
1.4048842393262424 3.533037759778505 1
3.2304430144736376 5.155783051161311 0
1.0626528492517657 2.590605593144538 1
0.9585777564974705 1.9693819472362284 1
2.876896117093755 3.411368204467464 1
2.886436418969639 4.985607220928477 0
2.48362689122612 0.39801084944563003 1
0.11853835357678877 4.936434832708178 0
2.615745027280583 3.106955194430647 1
1.7593057790383106 5.9915680028543 0
2.0918844210358087 3.008624670048563 1
2.330414582787694 2.2455400038230593 1
4.589734781334129 5.539832322924869 0
0.938427677921474 3.3916597971475357 1
3.298529596934896 4.629756030080918 0
3.3543327492439277 3.1289278183395544 1
3.62826086313433 2.3686977921544425 1
3.1832696729272407 0.04178175335057599 0
1.3873366737919124 4.939068652816815 0
1.044132038158918 5.973451925970462 0
3.5057911230385757 1.1667127240857877 1
0.9030714906486295 3.424713925522248 1
1.06002493489069 5.373221617875403 0
4.8747694569990845 2.684259371489774 0
2.0490541340466795 1.2067225746881345 1
0.946982365313314 4.687163059034583 0
1.585763358458884 5.446688584064713 0
5.5452688630234785 2.202980805534564 0
2.9831363638328727 0.2573297620715582 0
1.507503177068784 0.734593080793009 1
3.9933873785841674 3.2156767995111495 0
4.111339467416595 3.8409191311273796 0
1.1480389293786062 1.9606907377598963 1
0.7538372270393241 1.9858642498946764 1
4.255167599591749 1.0116339177479934 0
0.19022113721515455 5.9984427908459335 0
0.5533503541890794 2.13836593550252 1
0.7526342136601354 3.5356476452782037 1
3.142945873472323 0.32736747320193027 0
1.6356530560777336 5.5015781942518185 0
5.151776940018021 0.7900228972052568 0
1.0926821828550315 0.21313333244675858 0
4.389578182936701 2.9254287015868634 0
2.143574067816145 4.161104391719968 0
1.7180449535020008 3.9164879857270605 1
5.912513240281221 4.26355408003411 0
0.6813781186292549 4.480732733064791 0
5.121164756525108 1.651918289541833 0
4.3607163028390294 4.069008521248345 0
5.850673231158406 5.14020933906839 0
5.089355690180363 5.559241499228372 0
5.262525010619663 5.186942386563776 0
1.2938080643436303 5.695279221017537 0
4.996142947994304 3.612810892845502 0
3.627912055177316 2.9278374958859414 1
1.4702458073808518 4.374346759621183 0
5.305679366597225 5.082768236551225 0
3.1455920488853066 4.2557142627987545 0
4.964190166180979 2.2992094863698336 0
1.4162967017902992 5.725595998753947 0
5.462717007490484 0.33591137499991897 0
1.9112754119913822 0.7958048864864105 1
3.272868463123258 0.15976213235801895 0
2.1666991909513245 1.6293869343908818 1
0.08505755398322856 5.586751560902123 0
2.895319965157389 4.029213588947534 0
4.1489442596186015 5.012238035549483 0
1.3492384561626949 1.9647285093916103 1
2.7880083136404927 0.6473522300563399 1
5.386140885570654 5.001214770944715 0
2.7198862981794374 2.7768381266806825 1
4.6746433779867615 1.7582645302052589 0
2.596999324998679 3.7972537418828414 1
1.8320482697027956 2.2705208259230845 1
1.1002976088864576 1.667870609463407 1
2.07471067236207 4.420229898602833 0
5.38051449643781 4.2839945065922365 0
0.07720877572390439 1.728444828332076 1
2.711699865406483 4.978557790506228 0
4.9353071994996185 5.321869595854755 0
4.488630161070166 1.896147650196724 0
2.2612290295585917 3.2166942661908293 1
5.809761424456833 0.05477684915058045 0
2.6941012904913215 0.012026705440201901 0
2.3977004172625196 2.6887557934015685 1
4.689557228042502 2.8823054863975353 0
5.5930285975917275 0.36694150111715107 0
1.2245189422636233 1.6348749818102926 1
2.918451986602665 5.406609758922196 0
2.1425658584066554 5.622783088773923 0
2.9806615826039145 5.000093745691584 0
0.1427948801364658 1.8532997716340303 1
3.3512865526397952 1.318592645736146 1
2.6853756408513565 2.9508971227581653 1
4.337069997902768 4.6713935588178055 0
5.765094384199186 5.852982954528139 0
3.5398003442082198 5.1299321328298815 0
3.167553127912217 5.163332340244551 0
5.198998366226853 3.908138499162857 0
1.5258518244863448 3.7750346391804173 1
0.9173632043771809 0.4356148407997851 1
0.18394525445644527 1.4419382513088848 1
3.040329918893796 5.208056970204698 0
1.6088056620163305 3.977221486723747 0
2.363669163491732 3.0708791891794913 1
3.4761953047676033 2.5617874941504164 1
0.7655144019747344 5.265622660223604 0
4.020522494940479 3.965454967163986 0
1.2290069238674306 4.2209288806909075 0
1.3647392476154439 0.80846097801791 1
1.40004469465172 1.1840585758502145 1
4.457560141557154 4.573619330616975 0
4.637887499976203 5.057235038203142 0
1.190389485890595 4.551707787691271 0
4.974835579069117 3.770269857216356 0
2.934687184894691 2.2951887853700197 1
1.1860856450732293 3.219909591622373 1
0.11180898332030731 1.3832725816385563 1
5.743577772700188 1.4552682625809221 0
0.09224350392028802 1.774019811963333 1
5.731094360929853 3.4063982690754275 0
2.8188592647959934 1.7863001605365545 1
3.0896206076778183 5.655291993184687 0
5.984869890012384 2.621124490055674 0
2.6195490482968253 4.539838150616726 0
0.36524731170114455 4.132877374115105 0
2.4958835269165003 2.419555087932924 1
1.6468602663275789 5.644431384978381 0
3.626265716585892 3.401002338734001 0
3.7965635681815955 5.838729037523937 0
4.801205974971099 2.393741062293116 0
4.1169391466437 1.6989004613684862 0
0.4833451289240931 1.0051935124710778 1
4.032406448597833 5.411490185765341 0
0.5877559457796275 0.8831855655372483 1
0.10575474602246437 4.663554069801814 0
0.6409004764938397 2.106691226858743 1
2.647767629183919 5.868993314166634 0
2.906815815696812 2.256006820011335 1
2.580417907419913 4.7063679289729725 0
4.9542485400237695 2.736857053903163 0
5.09456690987591 2.8395854345140723 0
4.7214666281187725 2.9201175154636556 0
4.358835672856045 4.597678527702822 0
1.5228611654849744 4.620628725877707 0
4.337708629628332 1.8026813167883469 0
5.851668173449081 2.4625187426128576 0
5.356123452613598 0.5130382423871698 0
1.350728293554635 0.22908061150172854 1
2.5094586276276227 5.3807576943940765 0
0.78818078155969 1.5433895480589919 1
1.6546346282473632 1.700496368766157 1
4.937287461575112 1.3220076345758391 0
5.238761528589986 5.126335324923277 0
5.108657521498117 0.07667399522316698 0
4.839356885071896 4.797240957372086 0
2.529057514292166 1.2440196539899078 1
1.4090419702844192 4.87456347934434 0
2.4504624197031655 4.19306454645719 0
2.97195888914299 1.5232154247819718 1
2.804085205550045 2.317091082705793 1
2.7779699175394073 0.1568814644157679 0
0.6367453254206605 3.050341429966113 1
0.7126237918621925 4.085030911607442 0
1.8220180670306614 2.878388734212961 1
0.12051511838057483 1.999883852316819 1
5.08720246227357 3.9575108286459337 0
2.7708418423272323 5.128765606461535 0
0.9425463088196797 5.540245500385803 0
0.5865163932556503 5.659500891181126 0
2.6813352619223205 4.2911473130047515 0
1.839211478323389 0.3736499760887755 1
4.305634273942204 3.3606048606335066 0
5.281757418300642 3.4805243693831684 0
5.846937225235402 2.745881115448337 0
1.9530929226170857 4.1349075714001575 0
5.178516255042156 3.8494780089609746 0
3.4794722050894213 2.9438398011060865 1
4.949249385118527 3.9275492405182626 0
0.9584415732617875 2.47974580677536 1
3.898893649205943 0.4621853485846681 0
0.2773251247503117 5.138530856894251 0
5.8172761853084545 3.7724383265671855 0
3.7635124626436176 5.5164569632955605 0
2.503131590966858 0.04136215247842534 0
3.573266014086687 4.28945132098969 0
0.07221582115030989 4.464373433702374 0
3.2279464177824173 0.5362742161625178 1
0.134564981818853 4.1548785622129785 0
4.074625963538198 1.2620882187686684 0
3.685530481543838 3.846207411756133 0
5.169718753670623 2.227211005455339 0
4.339696031515773 4.27366996354101 0
1.1595184850567248 4.950521821520175 0
3.2790012318186044 5.627903033792094 0
2.5803843900942662 1.468548950201539 1
5.380356344696038 5.210808076332878 0
1.7323556132620266 0.4650706566087832 1
4.149055816719589 1.2161734833693814 0
4.423441360208875 4.157146029758366 0
1.1711055978134683 1.8719772015947274 1
3.975948250938743 0.1033610318006013 0
4.316658224229856 1.6369116409073197 0
5.007644378724155 2.0066470499816655 0
3.8343960839404327 5.5955431687092565 0
3.009868945465822 0.6522863690983707 1
0.19500470188701424 3.234545503136655 0
1.3872444145814185 5.579222057195333 0
0.3990042657554129 4.713994131286408 0
5.538266615352979 2.462100708243436 0
4.592180927136395 5.474571367690389 0
3.4304608806545196 3.458992608103384 0
2.5301153517900903 4.703853910466064 0
4.291722988443079 4.061224050735433 0
4.369936287668011 2.0755716908900044 0
4.402399148979514 4.442842247170536 0
5.252695178795611 3.182413696123562 0
2.522828053978301 2.3689867285304635 1
4.7998587019609085 2.786526965422081 0
4.665854852355327 2.9557701704522423 0
2.3719806748600183 5.139182585934995 0
5.658485834977919 3.058361795338558 0
2.9043310415846273 2.8092631247463564 1
0.05608886111071021 5.104817085733089 0
3.754061039817231 0.9376078973634105 0
2.9029390659945347 1.1455329597952475 1
3.1995704108876217 3.255766659775284 1
4.327238718223658 5.008522358470058 0
1.2603793973044142 3.6885797451916362 1
0.9533581334240968 2.0177231495708052 1
4.534731823757273 0.7209725673590657 0
5.5862514884143835 2.042880233493292 0
0.7173691816841496 5.849781784341983 0
1.548015495931398 5.282577284732856 0
3.239034847807364 4.965398998878198 0
5.387112661938098 5.604133764883899 0
0.5339141493119413 3.0546737847555714 1
2.210322664727629 0.6936208598675875 1
2.801019585726565 1.3357487503402274 1
0.2276810616173055 3.902590536609773 0
1.6888629790839724 5.867636362413547 0
5.145708662428864 2.5533990081875237 0
3.4703006749609093 3.139824170051285 1
3.6092874816382277 2.7678275259080225 1
1.0377483184202072 1.1322880745397899 1
0.9698984745679025 3.018609170458272 1
2.8014220289459373 5.919887063034826 0
1.5070715330505835 3.962154218974847 0
2.6231081314376388 1.313536732711984 1
1.2716549756423197 2.397074830916815 1
