-0.011800291831420645
NaN
NaN
NaN
NaN
NaN
NaN
NaN
NaN
NaN
NaN
NaN
NaN
NaN
NaN
NaN
NaN
NaN
NaN
NaN
NaN
NaN
NaN
NaN
NaN
NaN
NaN
NaN
NaN
NaN
NaN
NaN
1.0551128717569742
NaN
NaN
NaN
NaN
NaN
NaN
NaN
NaN
NaN
NaN
NaN
NaN
NaN
NaN
NaN
NaN
NaN
NaN
NaN
NaN
NaN
NaN
NaN
NaN
NaN
NaN
NaN
NaN
NaN
NaN
NaN
0.3960474082019117
NaN
NaN
NaN
NaN
NaN
NaN
NaN
NaN
NaN
NaN
NaN
NaN
NaN
NaN
NaN
NaN
NaN
NaN
NaN
NaN
NaN
NaN
NaN
NaN
NaN
NaN
NaN
NaN
NaN
NaN
NaN
-0.9384844076297147
NaN
NaN
NaN
NaN
NaN
NaN
NaN
NaN
NaN
NaN
NaN
NaN
NaN
NaN
NaN
NaN
NaN
NaN
NaN
NaN
NaN
NaN
NaN
NaN
NaN
NaN
NaN
NaN
NaN
NaN
NaN
-0.7768400548662074
NaN
NaN
NaN
NaN
NaN
NaN
NaN
NaN
NaN
NaN
NaN
NaN
NaN
NaN
NaN
NaN
NaN
NaN
NaN
NaN
NaN
NaN
NaN
NaN
NaN
NaN
NaN
NaN
NaN
NaN
NaN
0.5393874747364417
NaN
NaN
NaN
NaN
NaN
NaN
NaN
NaN
NaN
NaN
NaN
NaN
NaN
NaN
NaN
NaN
NaN
NaN
NaN
NaN
NaN
NaN
NaN
NaN
NaN
NaN
NaN
NaN
NaN
NaN
NaN
1.0981153932045449
NaN
NaN
NaN
NaN
NaN
NaN
NaN
NaN
NaN
NaN
NaN
NaN
NaN
NaN
NaN
NaN
NaN
NaN
NaN
NaN
NaN
NaN
NaN
NaN
NaN
NaN
NaN
NaN
NaN
NaN
NaN
-0.40331951155672546
NaN
NaN
NaN
NaN
NaN
NaN
NaN
NaN
NaN
NaN
NaN
NaN
NaN
NaN
NaN
NaN
NaN
NaN
NaN
NaN
NaN
NaN
NaN
NaN
NaN
NaN
NaN
NaN
NaN
NaN
NaN
-0.8899072895133534
NaN
NaN
NaN
NaN
NaN
NaN
NaN
NaN
NaN
NaN
NaN
NaN
NaN
NaN
NaN
NaN
NaN
NaN
NaN
NaN
NaN
NaN
NaN
NaN
NaN
NaN
NaN
NaN
NaN
NaN
NaN
-0.3559715348565722
NaN
NaN
NaN
NaN
NaN
NaN
NaN
NaN
NaN
NaN
NaN
NaN
NaN
NaN
NaN
NaN
NaN
NaN
NaN
NaN
NaN
NaN
NaN
NaN
NaN
NaN
NaN
NaN
NaN
NaN
NaN
1.1987494669893555
NaN
NaN
NaN
NaN
NaN
NaN
NaN
NaN
NaN
NaN
NaN
NaN
NaN
NaN
NaN
NaN
NaN
NaN
NaN
NaN
NaN
NaN
NaN
NaN
NaN
NaN
NaN
NaN
NaN
NaN
NaN
0.6743697343557558
NaN
NaN
NaN
NaN
NaN
NaN
NaN
NaN
NaN
NaN
NaN
NaN
NaN
NaN
NaN
NaN
NaN
NaN
NaN
NaN
NaN
NaN
NaN
NaN
NaN
NaN
NaN
NaN
NaN
NaN
NaN
-0.7587900092053952
NaN
NaN
NaN
NaN
NaN
NaN
NaN
NaN
NaN
NaN
NaN
NaN
NaN
NaN
NaN
NaN
NaN
NaN
NaN
NaN
NaN
NaN
NaN
NaN
NaN
NaN
NaN
NaN
NaN
NaN
NaN
-0.9065457190789514
NaN
NaN
NaN
NaN
NaN
NaN
NaN
NaN
NaN
NaN
NaN
NaN
NaN
NaN
NaN
NaN
NaN
NaN
NaN
NaN
NaN
NaN
NaN
NaN
NaN
NaN
NaN
NaN
NaN
NaN
NaN
0.44139601475666834
NaN
NaN
NaN
NaN
NaN
NaN
NaN
NaN
NaN
NaN
NaN
NaN
NaN
NaN
NaN
NaN
NaN
NaN
NaN
NaN
NaN
NaN
NaN
NaN
NaN
NaN
NaN
NaN
NaN
NaN
NaN
NaN
NaN
NaN
NaN
NaN
NaN
NaN
NaN
NaN
NaN
NaN
NaN
NaN
NaN
NaN
NaN
NaN
NaN
NaN
NaN
NaN
NaN
NaN
NaN
NaN
NaN
NaN
NaN
NaN
NaN
NaN
NaN
NaN
NaN
NaN
NaN
NaN
NaN
NaN
NaN
NaN
NaN
NaN
NaN
NaN
NaN
NaN
NaN
NaN
NaN
NaN
NaN
NaN
NaN
NaN
NaN
NaN
NaN
NaN
NaN
NaN
NaN
NaN
NaN
NaN
NaN
NaN
NaN
NaN
NaN
NaN
NaN
NaN
NaN
NaN
NaN
NaN
NaN
NaN
NaN
NaN
NaN
NaN
NaN
NaN
NaN
NaN
NaN
NaN
NaN
NaN
NaN
NaN
NaN
NaN
NaN
NaN
NaN
NaN
NaN
NaN
NaN
NaN
NaN
NaN
NaN
NaN
NaN
NaN
NaN
NaN
NaN
NaN
NaN
NaN
NaN
NaN
NaN
NaN
NaN
NaN
NaN
NaN
NaN
NaN
NaN
NaN
NaN
NaN
-0.7572676547296755
NaN
NaN
NaN
NaN
NaN
NaN
NaN
NaN
NaN
NaN
NaN
NaN
NaN
NaN
NaN
NaN
NaN
NaN
NaN
NaN
NaN
NaN
NaN
NaN
NaN
NaN
NaN
NaN
NaN
NaN
NaN
-0.8376530981007609
NaN
NaN
NaN
NaN
NaN
NaN
NaN
NaN
NaN
NaN
NaN
NaN
NaN
NaN
NaN
NaN
NaN
NaN
NaN
NaN
NaN
NaN
NaN
NaN
NaN
NaN
NaN
NaN
NaN
NaN
NaN
0.4041835766182914
NaN
NaN
NaN
NaN
NaN
NaN
NaN
NaN
NaN
NaN
NaN
NaN
NaN
NaN
NaN
NaN
NaN
NaN
NaN
NaN
NaN
NaN
NaN
NaN
NaN
NaN
NaN
NaN
NaN
NaN
NaN
1.164441585928588
NaN
NaN
NaN
NaN
NaN
NaN
NaN
NaN
NaN
NaN
NaN
NaN
NaN
NaN
NaN
NaN
NaN
NaN
NaN
NaN
NaN
NaN
NaN
NaN
NaN
NaN
NaN
NaN
NaN
NaN
NaN
-0.382091487517012
NaN
NaN
NaN
NaN
NaN
NaN
NaN
NaN
NaN
NaN
NaN
NaN
NaN
NaN
NaN
NaN
NaN
NaN
NaN
NaN
NaN
NaN
NaN
NaN
NaN
NaN
NaN
NaN
NaN
NaN
NaN
-1.0195965967730727
NaN
NaN
NaN
NaN
NaN
NaN
NaN
NaN
NaN
NaN
NaN
NaN
NaN
NaN
NaN
NaN
NaN
NaN
NaN
NaN
NaN
NaN
NaN
NaN
NaN
NaN
NaN
NaN
NaN
NaN
NaN
-0.36253095616114484
NaN
NaN
NaN
NaN
NaN
NaN
NaN
NaN
NaN
NaN
NaN
NaN
NaN
NaN
NaN
NaN
NaN
NaN
NaN
NaN
NaN
NaN
NaN
NaN
NaN
NaN
NaN
NaN
NaN
NaN
NaN
1.2334596635688815
NaN
NaN
NaN
NaN
NaN
NaN
NaN
NaN
NaN
NaN
NaN
NaN
NaN
NaN
NaN
NaN
NaN
NaN
NaN
NaN
NaN
NaN
NaN
NaN
NaN
NaN
NaN
NaN
NaN
NaN
NaN
0.5149073448602719
NaN
NaN
NaN
NaN
NaN
NaN
NaN
NaN
NaN
NaN
NaN
NaN
NaN
NaN
NaN
NaN
NaN
NaN
NaN
NaN
NaN
NaN
NaN
NaN
NaN
NaN
NaN
NaN
NaN
NaN
NaN
-0.8535360905267256
NaN
NaN
NaN
NaN
NaN
NaN
NaN
NaN
NaN
NaN
NaN
NaN
NaN
NaN
NaN
NaN
NaN
NaN
NaN
NaN
NaN
NaN
NaN
NaN
NaN
NaN
NaN
NaN
NaN
NaN
NaN
-0.7519577726596867
NaN
NaN
NaN
NaN
NaN
NaN
NaN
NaN
NaN
NaN
NaN
NaN
NaN
NaN
NaN
NaN
NaN
NaN
NaN
NaN
NaN
NaN
NaN
NaN
NaN
NaN
NaN
NaN
NaN
NaN
NaN
NaN
NaN
NaN
NaN
NaN
NaN
NaN
NaN
NaN
NaN
NaN
NaN
NaN
NaN
NaN
NaN
NaN
NaN
NaN
NaN
NaN
NaN
NaN
NaN
NaN
NaN
NaN
NaN
NaN
NaN
NaN
NaN
NaN
NaN
NaN
NaN
NaN
NaN
NaN
NaN
NaN
NaN
NaN
NaN
NaN
NaN
NaN
NaN
NaN
NaN
NaN
NaN
NaN
NaN
NaN
NaN
NaN
NaN
NaN
NaN
NaN
NaN
NaN
NaN
NaN
NaN
0.1025919560748613
NaN
-0.020871013627956084
NaN
-0.03654350008359433
-0.02413531382094275
-0.007979332916099813
NaN
-0.05367688244852403
-0.07526901510691686
-0.05705879460154206
-0.06459577665407867
0.049733951981049074
-0.010768315782212157
0.06016411953481149
NaN
-0.055933301158917814
0.07281062165380248
0.0012700415428477108
-0.03513518718623998
-0.013487730938410492
-0.0013325995970168147
0.022961927293620565
0.0828046766222742
-0.09978616386646566
-0.061948572374155186
0.04975695804619251
-0.013969387277309564
0.06660497070221794
0.03193756198783981
0.09343365526113245
NaN
0.03146602573482038
0.16553428379449064
0.056338879692061195
0.02835908030201184
0.08943587174188594
0.04059531371647673
0.07780926043131431
0.03250974336816059
0.01400590406627722
-0.020512110687246565
0.08899567458194402
-0.014201459472498512
0.1076592674768494
0.01579452659317626
0.0012194132451261996
0.198480393386817
-0.06189731348304961
0.032818032399568486
0.041062357310524766
0.0361835244670945
0.10287714212505461
0.008907966969866066
0.09398511554504774
0.05448169372831535
0.035578545565855046
-0.0975795939801184
-0.013872008775969447
-0.033169692286520225
0.05521069787670896
-0.018993857903869038
0.1449126071470359
NaN
0.022893048845704977
0.1455262946602106
0.10558794764911078
0.003676511676199229
0.06258159187651346
0.04966379313114014
-0.07348037706038424
0.06777834129615862
-0.12270219814784275
-0.12036605829676615
-0.11793537235961284
0.037743482253395216
-0.052198701586300356
-0.03783951901716165
0.044958768035950836
-0.08568639129911304
-0.036554653891767874
0.054210431671135095
0.07165317305479169
0.04813301268186848
0.05352627239122265
0.07466796084193861
-0.03634710498080895
0.0015492361328411919
0.09952722988846752
0.14555440895266192
0.08929944918404997
0.010778684667551719
-0.019933155884122145
0.08827509500116815
0.03132975937218341
-0.7666758430879749
0.017599049563797764
0.12698143888254676
-0.050160410828404944
0.03749789308224816
0.07509571398336146
-0.007236539082663418
0.10410389051780933
-0.08745856731583879
0.05714250032245627
-0.012851641601788533
0.04766780118142577
0.0841079143157828
0.012264958477962162
0.0002262938051058594
-0.15271792863796096
-0.21472464369361077
0.01670282231803577
-0.012490632003398616
0.04417915898449554
0.08689721281758045
0.08127611955704284
-0.026371219553182668
0.004256851646117665
-0.11566316178994751
-0.0034661667055236878
-0.05640815430248436
-0.052147900281574455
0.07525984435480071
-0.000067386554454818
0.03708138246304049
-0.11176072067454024
-0.842485670840082
-0.010993794835770232
0.040874965521709994
-0.12724307867862727
0.05798433299276651
-0.05001862599476936
0.012806114898207654
0.028215786205165683
-0.036911306514903874
-0.07573660467827198
0.08271487094988988
0.07113129730590961
0.0043604559725261005
0.03777182979562341
0.10638650457800386
0.03762894184925328
-0.08055996653951392
-0.023273084561307847
0.09577155414163327
-0.044858749724894995
0.029562425276928553
-0.010369544705878753
-0.05307775038479112
0.043256686023297075
0.0825181268141762
-0.0206586267914895
0.025064259294741986
0.016185572902673917
-0.029321898699847693
-0.06590191492906594
0.031140571935949157
-0.13553383291900145
0.523423670149761
-0.15108583496051953
0.04503612544465774
0.06179267236801689
-0.030400170029045825
0.09142254010487272
0.08998714471527858
0.11028293983319803
0.4541643160405957
-0.29363778284068065
0.3973576139950039
0.0657345666372422
0.6078905624669081
-0.15542143788436602
-0.11855790720640036
-0.08698036411264781
-0.08213699056091395
-0.15144556929623665
-0.09053088228218198
-0.10307966379345546
0.5694139900910342
0.14503851829801717
0.26907208825264295
-0.02147590066590155
0.5333514359950776
0.11822821420295737
-0.1702400902131307
-0.00472825410035882
-0.916373278415023
-0.22798460852178748
-0.14333444921870575
0.03055549194306839
1.1184066165658721
-0.08712629436435781
0.2945315085619531
-0.06761314028071275
0.8583794096945496
-0.06233502981109962
-0.03177770423980675
-0.053064330752884636
-0.6594974447254676
-0.05063504299041449
-0.2484323075566474
-0.07957383943191265
-0.12833134219149744
0.07663377709169805
0.22074953379442452
0.12703696787348562
0.3065492580991383
0.08603084456935106
0.15978752160994392
0.06733800520100047
-0.536072510977975
0.027705518677462515
-0.31306558076549906
-0.10208129042446223
-0.4778705375333221
-0.06295895326516623
0.09174795339453345
0.04968117912028641
1.0166192318192895
0.052914452017169156
0.1278135031814757
0.10957591779938389
-0.2581188992535886
-0.12548903791857402
-0.24794732764789595
-0.039359900862805164
-0.7230524215126708
-0.17309854466342045
0.04543681819202805
0.13662150838085002
0.680194080280397
0.039917936465927985
0.27379266391052176
-0.04903043415100583
0.23321830509189473
-0.0759431491478344
-0.21076691620293808
-0.07382751773175267
-0.36266613959715477
-0.1344555173818791
-0.163662624690752
-0.03208696707911507
0.5741637097729013
-0.05365989076849298
0.32102485151790616
-0.0370083587948733
0.3671906825047524
-0.019546139456485534
-0.10873647690195654
-0.021623803399102526
-1.0544981790460632
-0.0646458953679192
-0.10762366575253557
-0.14761106786926526
-1.2242257791809752
0.015554355047094126
0.23229355601584262
0.056171539950810645
0.725523370876443
-0.03747824500653574
-0.00026790764547346413
-0.10224020498708564
-0.8567326039667427
-0.13843158990178028
-0.3061747476998533
0.06253205102106096
-0.05637063715790558
0.11238787115498816
0.23634898003155347
0.1684251749883356
0.01074366475041677
0.09470949521259264
0.03295341608134039
0.044218674590275286
-0.44589075345421647
-0.09902880011478743
-0.2730783184670582
-0.10419444001939371
-0.5459385026838819
-0.05301284969850817
0.16284686725235856
0.035584390957037984
1.019572945067567
0.029825408815885274
0.1304943156272442
0.14714192670815857
-0.2606383297852882
-0.006713161180115557
-0.19135122763879886
-0.10575647741754057
-0.8054703267833238
-0.06783757055125628
0.07535860249883371
-0.027091533997440076
0.739406389903065
0.0900566539367097
0.24875022534146485
-0.02750172109245752
0.242385566890801
0.02565691847067822
-0.1879644654758617
-0.10751091551220032
-0.11194338343065913
-0.09583937116252267
0.0270241620203579
0.026881820166462456
0.6699035467810373
0.15621300310672726
0.24457340866914556
0.20318961882486986
0.5033932062623365
0.13795214054182903
-0.17872740457388742
-0.08755855977992832
-0.93277222182179
-0.027823411702085077
-0.03810995344370505
0.0499253147309181
1.1423655111099273
0.05951526673010066
0.3190382281725892
0.030068191918823484
0.824533543779076
0.053241757291204506
0.10523230870313638
-0.03611054396242497
-0.7595311380554386
-0.03444569444522416
-0.24802194481878825
0.0039970519831821205
-0.06779573176562614
0.14730662443497078
0.23793031038354973
-0.007007459110020875
0.4337447332189691
0.10216975667618122
0.07010858045168633
-0.10107324875297197
-0.6190492271139035
0.10656407217110031
0.16642123257976837
0.08596544956055252
-0.3324328686747219
-0.03892847673332711
0.04223365902703191
-0.14913477889448445
-0.050561259344906406
-0.038095903906111506
-0.11028484881706235
0.031017699890291017
0.3994791161033924
-0.0863501414790333
-0.006672601408362677
-0.0788441989787027
-0.06497316330340241
-0.026776827707277073
0.1418779437358191
-0.01264304842331726
-0.013745623704487342
0.05247114091234742
-0.015605368694065369
-0.042127053265987424
-0.028717833305509984
0.10820489528371063
0.10737926326160296
0.08989521866360395
0.01174029933403295
0.03230833551160245
0.08593501559549502
-0.010083604938926377
0.0328887420570384
0.09137497222358354
-0.0807570372619067
0.09729234429511835
-0.03387123008874354
-0.03836550800085842
-0.007782638396131802
0.0872811934199334
-0.006808996580991766
0.00041930741636120317
0.11969455833987852
0.08309900055874642
-0.8834766168607638
0.09656531263204227
0.14344777510908058
0.03146112696348169
-0.03444295758681337
-0.03541157216917312
0.14563868904906307
0.06782496681609274
-0.04463892107960432
0.03305501233048691
0.10662146483562174
-0.004686389822334935
0.04962842818489188
-0.07615544327172197
-0.009771376284792188
0.03571781414961528
-0.26940823778988987
0.01718444649477968
-0.034462164436007026
-0.09005733529916637
0.036590645591636495
-0.06165705409857436
-0.09455305371887113
-0.016821145895424494
-0.012354586544405022
0.06443932878822967
0.0499402239327188
0.09590678117796159
-0.04191477940315491
0.03035721455871898
0.0651847141315397
0.04428390875674093
-0.7784634413887142
-0.057714968854823856
0.1022074936144276
0.05263188162728716
-0.028273620707086833
-0.03584053929188313
0.058087667273679644
-0.15555446981939502
-0.023479688261463294
0.016922819525146737
-0.07348628277960656
-0.022545476217233795
-0.0892746764401689
-0.07592485470473898
0.017645228712355354
0.08520749759980822
-0.07393800490578187
0.08761201398031615
-0.07383006723327376
0.08499561650488116
-0.03886745488566909
-0.030094550873365447
-0.15460201253020517
-0.06204581438874594
-0.006165285062750853
-0.17141701846834306
-0.04843076894170817
-0.1687846776898572
0.032548731345844406
-0.040386132983860235
-0.03804862393485714
-0.13040781704758997
NaN
-0.07858149181145635
-0.00670370523979491
0.029678949101847762
0.09803054780276133
0.014927576189704528
-0.10495138083946642
0.04107233534836341
0.02822051769108669
-0.0493836335781509
0.05412379624850849
0.06274398482580235
0.019520218863739225
0.04636441055625695
0.05650328340156385
-0.11803514460690878
0.24082364952104163
0.03566841090806483
0.1100252987029462
-0.05677980171859753
-0.035438462937254944
-0.007839806854440079
-0.017870153337082417
0.026121985809031023
0.05263188967627741
0.12282342326502382
0.013096374225418206
0.037002022209159824
0.11570865807712305
0.05833163938165864
0.009720444864648625
0.03442273400971407
NaN
-0.04506790577971176
-0.00284902592360492
-0.005097717078018538
-0.053776330555779794
-0.03925684522025963
-0.060439020064321225
-0.06503423457162694
0.05114981697506171
0.04000492877961581
-0.06847790448668134
0.0845636587303954
-0.03572386578083464
0.1355158611459063
-0.10515308177341787
-0.05056337097628172
NaN
0.061462907575411396
-0.027575033158826923
0.08029067719741456
-0.0726934857342934
-0.0528341303465556
-0.07707710352870761
-0.12454525542461051
NaN
-0.01870154746221997
-0.026147677421948512
-0.07066885675693071
NaN
0.08974947467096099
NaN
NaN
NaN
NaN
0.1025919560748613
NaN
-0.020871013627956084
NaN
-0.03654350008359433
-0.02413531382094275
-0.007979332916099813
NaN
-0.05367688244852403
-0.07526901510691686
-0.05705879460154206
-0.06459577665407867
0.049733951981049074
-0.010768315782212157
0.06016411953481149
NaN
-0.055933301158917814
0.07281062165380248
0.0012700415428477108
-0.03513518718623998
-0.013487730938410492
-0.0013325995970168147
0.022961927293620565
0.0828046766222742
-0.09978616386646566
-0.061948572374155186
0.04975695804619251
-0.013969387277309564
0.06660497070221794
0.03193756198783981
0.09343365526113245
NaN
0.03146602573482038
0.16553428379449064
0.056338879692061195
0.02835908030201184
0.08943587174188594
0.04059531371647673
0.07780926043131431
0.03250974336816059
0.01400590406627722
-0.020512110687246565
0.08899567458194402
-0.014201459472498512
0.1076592674768494
0.01579452659317626
0.0012194132451261996
0.198480393386817
-0.06189731348304961
0.032818032399568486
0.041062357310524766
0.0361835244670945
0.10287714212505461
0.008907966969866066
0.09398511554504774
0.05448169372831535
0.035578545565855046
-0.0975795939801184
-0.013872008775969447
-0.033169692286520225
0.05521069787670896
-0.018993857903869038
0.1449126071470359
NaN
0.022893048845704977
0.1455262946602106
0.10558794764911078
0.003676511676199229
0.06258159187651346
0.04966379313114014
-0.07348037706038424
0.06777834129615862
-0.12270219814784275
-0.12036605829676615
-0.11793537235961284
0.037743482253395216
-0.052198701586300356
-0.03783951901716165
0.044958768035950836
-0.08568639129911304
-0.036554653891767874
0.054210431671135095
0.07165317305479169
0.04813301268186848
0.05352627239122265
0.07466796084193861
-0.03634710498080895
0.0015492361328411919
0.09952722988846752
0.14555440895266192
0.08929944918404997
0.010778684667551719
-0.019933155884122145
0.08827509500116815
0.03132975937218341
-0.7666758430879749
0.017599049563797764
0.12698143888254676
-0.050160410828404944
0.03749789308224816
0.07509571398336146
-0.007236539082663418
0.10410389051780933
-0.08745856731583879
0.05714250032245627
-0.012851641601788533
0.04766780118142577
0.0841079143157828
0.012264958477962162
0.0002262938051058594
-0.15271792863796096
-0.21472464369361077
0.01670282231803577
-0.012490632003398616
0.04417915898449554
0.08689721281758045
0.08127611955704284
-0.026371219553182668
0.004256851646117665
-0.11566316178994751
-0.0034661667055236878
-0.05640815430248436
-0.052147900281574455
0.07525984435480071
-0.000067386554454818
0.03708138246304049
-0.11176072067454024
-0.842485670840082
-0.010993794835770232
0.040874965521709994
-0.12724307867862727
0.05798433299276651
-0.05001862599476936
0.012806114898207654
0.028215786205165683
-0.036911306514903874
-0.07573660467827198
0.08271487094988988
0.07113129730590961
0.0043604559725261005
0.03777182979562341
0.10638650457800386
0.03762894184925328
-0.08055996653951392
-0.023273084561307847
0.09577155414163327
-0.044858749724894995
0.029562425276928553
-0.010369544705878753
-0.05307775038479112
0.043256686023297075
0.0825181268141762
-0.0206586267914895
0.025064259294741986
0.016185572902673917
-0.029321898699847693
-0.06590191492906594
0.031140571935949157
-0.13553383291900145
0.523423670149761
-0.15108583496051953
0.04503612544465774
0.06179267236801689
-0.030400170029045825
0.09142254010487272
0.08998714471527858
0.11028293983319803
0.4541643160405957
-0.29363778284068065
0.3973576139950039
0.0657345666372422
0.6078905624669081
-0.15542143788436602
-0.11855790720640036
-0.08698036411264781
-0.08213699056091395
-0.15144556929623665
-0.09053088228218198
-0.10307966379345546
0.5694139900910342
0.14503851829801717
0.26907208825264295
-0.02147590066590155
0.5333514359950776
0.11822821420295737
-0.1702400902131307
-0.00472825410035882
-0.916373278415023
-0.22798460852178748
-0.14333444921870575
0.03055549194306839
1.1184066165658721
-0.08712629436435781
0.2945315085619531
-0.06761314028071275
0.8583794096945496
-0.06233502981109962
-0.03177770423980675
-0.053064330752884636
-0.6594974447254676
-0.05063504299041449
-0.2484323075566474
-0.07957383943191265
-0.12833134219149744
0.07663377709169805
0.22074953379442452
0.12703696787348562
0.3065492580991383
0.08603084456935106
0.15978752160994392
0.06733800520100047
-0.536072510977975
0.027705518677462515
-0.31306558076549906
-0.10208129042446223
-0.4778705375333221
-0.06295895326516623
0.09174795339453345
0.04968117912028641
1.0166192318192895
0.052914452017169156
0.1278135031814757
0.10957591779938389
-0.2581188992535886
-0.12548903791857402
-0.24794732764789595
-0.039359900862805164
-0.7230524215126708
-0.17309854466342045
0.04543681819202805
0.13662150838085002
0.680194080280397
0.039917936465927985
0.27379266391052176
-0.04903043415100583
0.23321830509189473
-0.0759431491478344
-0.21076691620293808
-0.07382751773175267
-0.36266613959715477
-0.1344555173818791
-0.163662624690752
-0.03208696707911507
0.5741637097729013
-0.05365989076849298
0.32102485151790616
-0.0370083587948733
0.3671906825047524
-0.019546139456485534
-0.10873647690195654
-0.021623803399102526
-1.0544981790460632
-0.0646458953679192
-0.10762366575253557
-0.14761106786926526
-1.2242257791809752
0.015554355047094126
0.23229355601584262
0.056171539950810645
0.725523370876443
-0.03747824500653574
-0.00026790764547346413
-0.10224020498708564
-0.8567326039667427
-0.13843158990178028
-0.3061747476998533
0.06253205102106096
-0.05637063715790558
0.11238787115498816
0.23634898003155347
0.1684251749883356
0.01074366475041677
0.09470949521259264
0.03295341608134039
0.044218674590275286
-0.44589075345421647
-0.09902880011478743
-0.2730783184670582
-0.10419444001939371
-0.5459385026838819
-0.05301284969850817
0.16284686725235856
0.035584390957037984
1.019572945067567
0.029825408815885274
0.1304943156272442
0.14714192670815857
-0.2606383297852882
-0.006713161180115557
-0.19135122763879886
-0.10575647741754057
-0.8054703267833238
-0.06783757055125628
0.07535860249883371
-0.027091533997440076
0.739406389903065
0.0900566539367097
0.24875022534146485
-0.02750172109245752
0.242385566890801
0.02565691847067822
-0.1879644654758617
-0.10751091551220032
-0.11194338343065913
-0.09583937116252267
0.0270241620203579
0.026881820166462456
0.6699035467810373
0.15621300310672726
0.24457340866914556
0.20318961882486986
0.5033932062623365
0.13795214054182903
-0.17872740457388742
-0.08755855977992832
-0.93277222182179
-0.027823411702085077
-0.03810995344370505
0.0499253147309181
1.1423655111099273
0.05951526673010066
0.3190382281725892
0.030068191918823484
0.824533543779076
0.053241757291204506
0.10523230870313638
-0.03611054396242497
-0.7595311380554386
-0.03444569444522416
-0.24802194481878825
0.0039970519831821205
-0.06779573176562614
0.14730662443497078
0.23793031038354973
-0.007007459110020875
0.4337447332189691
0.10216975667618122
0.07010858045168633
-0.10107324875297197
-0.6190492271139035
0.10656407217110031
0.16642123257976837
0.08596544956055252
-0.3324328686747219
-0.03892847673332711
0.04223365902703191
-0.14913477889448445
-0.050561259344906406
-0.038095903906111506
-0.11028484881706235
0.031017699890291017
0.3994791161033924
-0.0863501414790333
-0.006672601408362677
-0.0788441989787027
-0.06497316330340241
-0.026776827707277073
0.1418779437358191
-0.01264304842331726
-0.013745623704487342
0.05247114091234742
-0.015605368694065369
-0.042127053265987424
-0.028717833305509984
0.10820489528371063
0.10737926326160296
0.08989521866360395
0.01174029933403295
0.03230833551160245
0.08593501559549502
-0.010083604938926377
0.0328887420570384
0.09137497222358354
-0.0807570372619067
0.09729234429511835
-0.03387123008874354
-0.03836550800085842
-0.007782638396131802
0.0872811934199334
-0.006808996580991766
0.00041930741636120317
0.11969455833987852
0.08309900055874642
-0.8834766168607638
0.09656531263204227
0.14344777510908058
0.03146112696348169
-0.03444295758681337
-0.03541157216917312
0.14563868904906307
0.06782496681609274
-0.04463892107960432
0.03305501233048691
0.10662146483562174
-0.004686389822334935
0.04962842818489188
-0.07615544327172197
-0.009771376284792188
0.03571781414961528
-0.26940823778988987
0.01718444649477968
-0.034462164436007026
-0.09005733529916637
0.036590645591636495
-0.06165705409857436
-0.09455305371887113
-0.016821145895424494
-0.012354586544405022
0.06443932878822967
0.0499402239327188
0.09590678117796159
-0.04191477940315491
0.03035721455871898
0.0651847141315397
0.04428390875674093
-0.7784634413887142
-0.057714968854823856
0.1022074936144276
0.05263188162728716
-0.028273620707086833
-0.03584053929188313
0.058087667273679644
-0.15555446981939502
-0.023479688261463294
0.016922819525146737
-0.07348628277960656
-0.022545476217233795
-0.0892746764401689
-0.07592485470473898
0.017645228712355354
0.08520749759980822
-0.07393800490578187
0.08761201398031615
-0.07383006723327376
0.08499561650488116
-0.03886745488566909
-0.030094550873365447
-0.15460201253020517
-0.06204581438874594
-0.006165285062750853
-0.17141701846834306
-0.04843076894170817
-0.1687846776898572
0.032548731345844406
-0.040386132983860235
-0.03804862393485714
-0.13040781704758997
NaN
-0.07858149181145635
-0.00670370523979491
0.029678949101847762
0.09803054780276133
0.014927576189704528
-0.10495138083946642
0.04107233534836341
0.02822051769108669
-0.0493836335781509
0.05412379624850849
0.06274398482580235
0.019520218863739225
0.04636441055625695
0.05650328340156385
-0.11803514460690878
0.24082364952104163
0.03566841090806483
0.1100252987029462
-0.05677980171859753
-0.035438462937254944
-0.007839806854440079
-0.017870153337082417
0.026121985809031023
0.05263188967627741
0.12282342326502382
0.013096374225418206
0.037002022209159824
0.11570865807712305
0.05833163938165864
0.009720444864648625
0.03442273400971407
NaN
-0.04506790577971176
-0.00284902592360492
-0.005097717078018538
-0.053776330555779794
-0.03925684522025963
-0.060439020064321225
-0.06503423457162694
0.05114981697506171
0.04000492877961581
-0.06847790448668134
0.0845636587303954
-0.03572386578083464
0.1355158611459063
-0.10515308177341787
-0.05056337097628172
NaN
0.061462907575411396
-0.027575033158826923
0.08029067719741456
-0.0726934857342934
-0.0528341303465556
-0.07707710352870761
-0.12454525542461051
NaN
-0.01870154746221997
-0.026147677421948512
-0.07066885675693071
NaN
0.08974947467096099
NaN
NaN
NaN
